5
3
0 0
0 1
1 0
4
6 4
9 2
8 7
3 9
5
7.377359 3.113089
8.899004 4.047913
3.929112 9.695250
8.377879 7.799725
5.508218 2.498832
2
0 0
1 1
500
8318	1506	4238	9868	5102	1453	6938	6329	8876	6729	3885	5222	7713	9366	5968	561	5919	8028	1417	3626	2258	7645	2639	3653	8140	7374	3293	9869	9317	9091	9913	7391	3463	3452	7214	5881	4009	1847	7422	4172	8611	2272	8540	9400	2764	1119	5627	5639	1320	5312	1909	6243	7048	5081	1443	1845	5186	5143	821	8478	2754	3701	9925	1305	4394	5494	3220	4211	2395	5107	6880	6625	8190	8746	6202	8684	1658	5229	3095	3348	7961	1015	5135	6933	9185	5040	2806	8613	5797	7589	9779	1205	4917	3265	9428	1893	6299	1117	1250	8342	7279	6515	6528	7918	3847	4705	7818	3193	6785	8712	9618	6767	14	4754	9856	9793	4405	8899	169	8387	9167	5084	3256	8087	756	9495	8280	1967	7599	2975	6819	5483	880	5956	7733	9764	4119	9540	8910	5048	5825	2451	1146	9117	5518	8645	36	829	7447	9995	3383	3327	4479	3875	1797	6906	3110	7767	3392	5302	32	4496	7318	7158	2561	3766	4827	7484	125	7133	1497	2533	9140	6454	6759	6108	9951	7737	4614	4751	917	6973	2539	3946	1124	822	7822	5167	3814	4749	8184	4653	246	9809	7208	8587	7593	2407	8678	1874	8139	3660	1507	4697	7549	7166	9719	2855	9920	620	7217	5373	3228	3395	7669	3889	8997	788	8262	3077	9639	6803	1552	1957	7614	659	1188	1010	7649	7264	1079	2156	2125	1478	6280	1484	9914	1411	4504	9375	3332	8467	8065	5746	196	3754	2584	8479	2191	8955	4555	1770	7618	9158	7182	6277	2168	9325	7702	2163	3886	4575	7025	3270	8648	8596	6680	9499	1928	1081	8623	9234	4803	2414	9756	8032	2267	1655	5006	7942	3706	3789	8076	4027	3049	4605	5569	9057	366	3209	5723	2478	568	1412	4141	1752	9963	6081	7811	9247	5619	1864	5886	5944	5588	6967	7375	3954	252	8414	8549	2310	7176	3025	785	2213	2322	762	9339	3874	6995	3694	5217	6694	9901	1784	7908	6840	8822	7039	1982	1212	8319	6685	7036	1281	9922	6706	3026	1964	5263	501	4468	911	1333	7471	6012	2794	3230	6950	537	4661	3159	6986	3038	9409	2635	3161	8554	7565	7326	5226	1262	2991	4147	8529	3859	6876	8378	2541	2038	6927	4062	2469	3636	386	495	4357	4958	8189	9329	9980	7051	2732	9017	2504	6036	8000	4390	1891	6137	1638	5538	1513	9180	2062	7998	2045	471	1175	6144	3532	1649	7000	8279	3705	7006	9287	1517	649	1086	7820	1933	6932	137	4853	621	2282	4640	5162	5062	5703	8102	3311	626	1394	9407	5734	528	9729	7897	3215	9667	9265	7789	6466	3895	6194	937	3204	2989	3357	3901	1974	6148	6622	5594	9483	9884	9924	672	7911	8332	2664	2319	4858	2912	4612	8953	3250	5039	9577	1240	8011	9561	8392	9035	8991	7145	456	2644	257	4162	3496	249	1009	9615	3675	4101	6949	4719	1942	6156	9850	7850	2334	6375	5560	7327	1194	5393	4691	572	3313	9904	8187	1828	1814	6964	231	9479	5014	5852	9585	50	7847	8629	5844	8182	8593	3765	3629	4713	1626	4646	3052	6713	7191	8622	7586	4534	7777	490	9080	5799	8461	844	4072	4233	1614	1689	9934	2608	579	7643	2280	3082	7434	1324	4306	8170	3654	7642	2725	5113	7243	6873	4379	7168	2871	5575	2587	6227	2688	9612	7762	9118	212	5778	1455	7241	9588	9295	1165	2082	6595	2314	625	105	9927	8785	3277	5758	7354	9142	5937	9948	3105	5843	4523	3418	759	3138	4615	7266	8605	1152	9047	380	750	707	2259	2553	7409	8021	9782	8545	8722	5005	7674	5677	5018	9797	5132	5464	5434	2465	726	4947	7483	7488	8543	6151	2879	8126	4950	4587	7515	311	1691	3671	9711	2798	3900	3381	9115	5197	4804	6306	7229	2341	3607	8376	5601	2865	9184	4735	2709	4321	4831	5981	381	1827	7854	2674	7992	989	4685	1075	5053	5431	6848	376	592	1630	4563	1669	9394	9978	3536	2868	7898	8962	6035	4170	973	2222	1292	925	1041	4758	8288	3579	8092	9370	4795	6941	9007	6105	9237	4834	802	9303	5370	5444	9379	4346	2068	7545	7716	4776	4743	5625	692	7092	5764	8982	798	5030	7147	6004	7652	8474	4557	6272	5397	7630	6744	7187	1272	1903	9979	6116	6702	8223	3090	8668	7252	1184	7253	4192	2545	6196	2088	5999	2021	7722	949	5338	5901	1331	3787	5643	5349	2307	7028	7871	8837	9224	765	8981	3794	9736	1390	1681	2789	8943	7715	6580	1826	3834	9380	6444	6991	9511	3342	1936	8769	3527	9206	3155	1316	1228	3904	119	4286	2803	9801	1220	9631	4024	7407	8735	8241	6403	5526	2317	2551	4634	8250	9282	9321	1462	7069	3535	7938	5056	9832	3837	5203	9225	872	1187	152	9955	3163	7883	7571	6079	3296	3281	1150	8018	8447	6734	1725	551	729	6163	3882	4693	7446	2098	7312	6825	8702	9065	7670	6180	4257	8620	3064	863	1356	3499	3603	3686	5364	9564	3872	5572	3920	3540	1385	491	9200	4362	8964	6238	154	1551	7466	4218	5759	2547	6285	3184	8503	1055	7861	9416	6529	9566	7710	4039	690	4813	9988	9767	3150	8453	4005	4152	3489	1927	1547	3756	6958	2120	6813	9133	5952	9155	3437	2085	5314	9426	9945	6814	4694	9550	6082	8871	7578	220	4616	9136	7317	5437	5458	7156	6731	3639	3088	3516	2546	1778	8576	4779	2778	102	3947	6657	6191	6697	6793	8843	3983	8480	2988	9238	681	8706	5097	6208	1293	7144	4683	5513	2316	1749	7034	5051	1941	3152	7922	3169	22	7450	9862	9164	9157	5914	7542	5291	3365	5069	4320	7495	9970	809	2718	8476	611	4251	7017	8423	4047	4704	7597	8515	2485	1125	1398	5473	7701	601	5475	5774	8488	8455	389	2766	8229	6359	4618	3856	8385	9507	4207	9251	7750	7199	840	78	1531	8958	5892	404	3071	6560	5633	1070	9046	4518	3664	9292	4969	4832	8372	3796	5582	6799	6742	7526	9033	7609	8200	316	8097